lat=39.786596
lon=-86.240457
distance=4